epoch 2:
tensor([0.4587, 1.8181, 0.0215, 0.5751, 0.1380, 2.6175, 0.0071, 0.6805, 0.9059,
        0.1300, 0.5799, 1.1331, 0.2151, 0.0240, 0.8769, 0.8893, 0.5067, 0.2419,
        1.5169, 2.9556, 0.1187, 3.2939, 1.9981, 1.0263, 1.3250, 1.2568, 2.1788,
        0.0690, 0.6443, 1.9709, 1.5044, 1.1807, 0.5906, 0.1812, 0.1893, 0.5673,
        1.6916, 0.6459, 0.2425, 0.6656, 1.1270, 0.2595, 0.1874, 0.7234, 0.7611,
        2.4363, 0.5749, 1.6673, 3.9377, 1.4820, 1.2859, 1.6529, 0.6480, 1.9307,
        0.5362, 2.0502, 0.6180, 0.3397, 0.8713, 1.6888, 0.6388, 0.4847, 1.7723,
        0.2231], device='cuda:1')
tensor([1.0486, 1.0012, 0.0523, 0.7486, 0.4181, 1.9216, 0.0230, 0.6321, 0.0914,
        0.1489, 0.3015, 1.5866, 0.2093, 0.1325, 0.8197, 2.3500, 0.2194, 0.3090,
        0.9906, 2.2205, 0.1923, 0.9351, 4.2338, 0.5588, 1.4290, 1.0452, 0.6536,
        0.3408, 0.4976, 1.5804, 1.7777, 1.4252, 0.8468, 0.1460, 0.2525, 0.2568,
        1.4143, 0.8186, 0.6545, 0.5546, 1.4906, 0.8660, 0.0592, 1.0511, 0.4656,
        1.5023, 0.7395, 2.2617, 3.8995, 1.9832, 0.7956, 1.8855, 0.3970, 1.6962,
        0.4042, 1.1273, 0.8455, 0.3685, 0.8927, 1.6140, 0.1843, 0.2017, 1.1193,
        0.0380], device='cuda:1', grad_fn=<NllLossBackward>)

tensor([2.7479, 0.6923, 3.0775, 0.3240, 1.0481, 0.9715, 1.8880, 2.2815, 1.7743,
        0.9422, 1.2884, 0.0746, 1.1851, 2.6893, 0.3057, 2.5409, 1.6523, 0.2839,
        0.8912, 0.6190, 1.8168, 1.3334, 0.8045, 0.4156, 0.9135, 1.7151, 0.2805,
        0.5880, 2.6544, 2.4660, 0.0263, 0.3657, 1.2826, 1.4673, 0.7098, 0.7615,
        0.6985, 0.3391, 0.9829, 3.1440, 3.3517, 1.5925, 0.5070, 1.9383, 0.6375,
        0.1568, 1.8932, 0.9874, 1.4579, 0.2000, 2.4810, 2.7515, 0.3276, 0.4350,
        2.1559, 1.0467, 1.1889, 2.6576, 0.7480, 1.3122, 1.6126, 2.9314, 2.9809,
        1.4537], device='cuda:1')
tensor([1.5641, 1.1351, 3.7392, 0.4376, 0.4012, 1.9127, 2.8816, 2.4080, 1.4099,
        0.3291, 0.8938, 0.0330, 0.7300, 0.3803, 0.6925, 0.3893, 1.3967, 0.9145,
        0.2178, 0.4074, 0.8354, 1.6423, 0.3017, 0.8279, 0.7860, 0.2552, 0.8484,
        0.5045, 2.4810, 3.2473, 0.0865, 0.3402, 0.5750, 1.1111, 0.3471, 1.2585,
        1.5197, 0.9495, 1.3232, 2.2867, 3.0845, 1.1112, 0.0306, 2.0324, 0.5134,
        0.0407, 2.2367, 1.5717, 0.8538, 0.2083, 1.2383, 2.4071, 0.4261, 0.4096,
        1.4360, 1.0356, 0.7347, 1.1543, 0.1130, 1.5370, 1.2045, 1.5401, 1.7165,
        0.8719], device='cuda:1', grad_fn=<NllLossBackward>)

tensor([1.9334, 2.9475, 0.8791, 0.6935, 1.6421, 0.9249, 0.5634, 0.2542, 0.0805,
        1.1174, 0.6572, 0.6068, 1.3310, 0.1116, 0.1437, 0.8244, 2.3939, 1.0905,
        1.1641, 1.5047, 4.5255, 2.0796, 0.1525, 1.1141, 0.3549, 0.6391, 1.9470,
        0.5571, 2.0032, 0.8021, 0.4788, 1.2065, 0.8919, 1.3462, 0.5017, 1.2301,
        1.0076, 2.4509, 0.3690, 1.5341, 2.9416, 1.3379, 1.1843, 2.3698, 0.6192,
        2.4405, 1.6010, 0.2461, 2.5956, 0.0269, 2.5372, 0.2776, 2.1457, 1.2767,
        1.5412, 0.4681, 0.6518, 0.6377, 1.9564, 0.3004, 2.2806, 1.8321, 1.9654,
        1.2570], device='cuda:1')
tensor([2.5381, 2.8447, 0.8759, 0.0603, 1.2484, 0.9976, 0.3777, 0.0832, 0.1022,
        1.9883, 0.6378, 0.4195, 0.7819, 0.1907, 0.3582, 0.1026, 1.7202, 0.3829,
        1.3524, 1.3193, 4.3462, 2.2713, 1.3720, 1.5119, 0.0907, 0.5918, 1.4648,
        0.0522, 2.3975, 0.3041, 0.0925, 1.5989, 0.7537, 0.7420, 0.4265, 1.8238,
        0.7099, 2.7159, 0.9229, 1.3595, 3.0510, 0.5293, 1.5071, 2.9635, 0.2532,
        2.1550, 0.7211, 0.4418, 3.4940, 0.1377, 1.4698, 0.3852, 2.4755, 1.3028,
        0.4476, 0.3349, 0.2014, 0.2577, 1.4265, 0.4945, 0.5251, 1.7885, 0.1878,
        1.1447], device='cuda:1', grad_fn=<NllLossBackward>)

tensor([1.0843, 1.6294, 0.1342, 1.0892, 1.1438, 0.2456, 3.1013, 2.9107, 0.0660,
        0.2467, 2.5314, 0.1143, 1.0715, 0.5391, 0.0456, 1.5497, 1.1181, 0.7421,
        3.2822, 1.5806, 1.4680, 2.3641, 5.0042, 4.2957, 1.7200, 1.5234, 0.2006,
        2.0539, 0.0530, 0.9429, 0.8081, 0.3207, 0.9509, 1.2849, 0.5087, 2.7373,
        3.1095, 0.6903, 0.8744, 0.0245, 2.5931, 1.6686, 0.1588, 0.8667, 1.0904,
        1.6009, 0.8428, 2.6466, 0.7595, 0.3859, 1.2918, 0.9198, 2.6271, 1.8670,
        4.1968, 1.0301, 0.4863, 1.0595, 0.1597, 1.3173, 2.3243, 3.0125, 0.9930,
        1.0717], device='cuda:1')
tensor([0.3487, 2.6965, 0.4298, 1.2191, 1.9182, 0.9142, 1.5510, 1.5504, 0.1308,
        0.2394, 1.9110, 0.1452, 1.5035, 0.0304, 0.1170, 1.3694, 1.2179, 1.0730,
        3.3171, 1.4634, 1.7282, 0.5277, 3.0693, 2.6559, 0.0631, 2.5076, 0.0932,
        1.0881, 0.0300, 0.8945, 1.0765, 0.8673, 0.6589, 1.6013, 0.2158, 0.7195,
        2.2136, 0.9655, 0.5850, 0.0516, 2.1445, 1.4815, 0.0495, 1.4164, 1.3578,
        0.9819, 0.8940, 1.9220, 0.3122, 0.0601, 1.0216, 0.8828, 2.1650, 2.6749,
        3.2802, 0.1924, 1.0500, 0.2569, 0.1758, 0.0833, 1.7116, 2.8693, 2.1313,
        1.0263], device='cuda:1', grad_fn=<NllLossBackward>)


tensor([0.3897, 0.1481, 2.0104, 0.2865, 0.1367, 1.8126, 0.1805, 0.0626, 2.1430,
        1.2707, 3.3522, 1.0887, 3.7566, 5.1679, 3.2400, 3.6756, 1.5239, 0.0633,
        0.6178, 0.4778, 1.2660, 3.1607, 0.4658, 0.4527, 2.4125, 0.6495, 0.4360,
        2.9599, 1.5218, 2.3876, 1.7639, 0.1505, 0.5375, 0.6726, 2.8209, 1.4109,
        0.9980, 1.5260, 1.3818, 2.9648, 0.7484, 1.0702, 0.0964, 3.8530, 2.4321,
        2.7386, 0.3346, 0.5580, 1.2982, 4.4368, 0.8207, 0.4275, 0.3765, 4.4220,
        1.0510, 0.7368, 3.2699, 3.2586, 1.5656, 0.2909, 1.5011, 0.8058, 2.2068,
        1.4823], device='cuda:1')
tensor([0.8029, 0.3178, 1.7947, 0.6165, 0.0869, 0.8077, 0.0445, 0.0485, 1.1804,
        1.4907, 2.7494, 0.6619, 2.3857, 3.8327, 1.5862, 2.1485, 0.1246, 0.0970,
        0.8258, 0.8719, 0.1373, 3.5144, 0.3214, 0.8082, 1.5269, 0.9116, 0.0865,
        1.3501, 1.9269, 1.5741, 1.3919, 0.4005, 0.6053, 0.6550, 1.9506, 0.1256,
        0.6492, 1.2904, 1.0055, 2.2908, 1.3046, 0.4973, 0.0920, 3.9800, 2.7360,
        1.5461, 0.7693, 0.3730, 1.4402, 4.1114, 0.7662, 0.2192, 0.7100, 3.6827,
        0.2816, 1.1130, 3.7777, 1.6641, 0.6274, 0.5708, 1.4862, 1.5413, 1.2739,
        2.1793], device='cuda:1', grad_fn=<NllLossBackward>)

tensor([2.2614, 0.3422, 2.5583, 1.6400, 1.5922, 0.8457, 3.7097, 0.1762, 0.2267,
        0.4413, 1.9262, 0.4568, 2.0381, 0.4998, 0.4590, 0.5754, 1.4553, 0.3359,
        4.8291, 0.3482, 0.7017, 2.7003, 3.5682, 0.2100, 0.6904, 0.0091, 2.9312,
        0.0407, 0.1516, 2.7553, 0.0689, 0.2598, 2.1999, 1.1472, 0.0493, 1.2844,
        1.0473, 1.7598, 1.5001, 1.0426, 1.4014, 2.6978, 0.9822, 3.2255, 0.8443,
        1.0555, 0.5792, 2.6041, 3.4617, 3.2656, 4.6444, 2.3225, 1.8676, 0.2711,
        2.4660, 0.2832, 1.2383, 1.8115, 0.3279, 0.9040, 1.5145, 1.5356, 2.0880,
        0.5233], device='cuda:1')
tensor([4.4037, 0.8906, 2.5808, 1.0204, 2.1542, 0.2938, 1.9616, 0.3986, 0.1557,
        1.3910, 2.3710, 0.7847, 1.6008, 0.7876, 0.4646, 0.1241, 1.4422, 0.1729,
        3.3396, 0.8467, 0.3627, 2.3432, 2.1754, 0.1929, 1.2144, 0.0584, 2.5720,
        0.0979, 0.0267, 2.5853, 0.0772, 0.2435, 2.7733, 1.3939, 0.2016, 0.6248,
        0.7268, 1.8233, 2.6030, 1.2218, 2.1014, 1.4597, 0.7900, 2.9522, 2.0470,
        0.9568, 0.1637, 1.6593, 2.9170, 2.6500, 3.5646, 1.6872, 3.7604, 0.0385,
        1.7478, 0.1460, 0.7367, 1.9394, 0.4140, 1.2346, 1.3381, 2.2867, 2.2507,
        0.9337], device='cuda:1', grad_fn=<NllLossBackward>)

tensor([0.3103, 0.9621, 1.8918, 1.6421, 0.9742, 0.4317, 0.0483, 0.2823, 1.3267,
        0.0106, 1.1232, 2.5504, 0.5536, 0.5756, 0.7885, 1.3880, 0.3102, 0.2480,
        3.5107, 1.3164, 2.1164, 2.4669, 0.4764, 0.3298, 0.0069, 2.4983, 2.1100,
        1.7867, 1.7842, 0.7389, 0.0393, 0.3324, 1.5522, 1.6854, 2.4278, 1.4559,
        2.0954, 0.7389, 0.2377, 2.1176, 1.0000, 2.2903, 0.1936, 2.1057, 2.0257,
        0.2016, 4.4623, 0.5021, 0.3546, 3.4815, 0.3483, 5.6819, 1.8325, 0.2077,
        1.6210, 0.0973, 0.8082, 2.6932, 0.1153, 0.4038, 4.5754, 0.6391, 1.7199,
        0.5571], device='cuda:1')
tensor([0.0695, 1.0979, 1.5470, 0.9413, 1.0563, 0.5246, 0.1884, 0.5812, 1.2698,
        0.0125, 0.8586, 0.5657, 0.4306, 0.5268, 1.0199, 0.5605, 0.3608, 0.1626,
        3.2523, 0.8669, 1.7372, 1.5846, 0.5539, 1.0246, 0.0287, 1.3039, 1.4513,
        1.9726, 1.4428, 0.7352, 0.1688, 0.2563, 1.8291, 0.5970, 2.1856, 0.9884,
        1.5993, 1.4765, 0.0694, 2.0393, 1.0118, 1.7713, 0.2918, 0.9727, 1.7053,
        0.1656, 4.0109, 0.7398, 0.6821, 3.5818, 0.2486, 3.7788, 1.8175, 0.4468,
        1.4692, 0.5183, 0.3522, 2.3327, 0.1326, 0.2456, 2.6454, 0.1274, 1.1466,
        0.5532], device='cuda:1', grad_fn=<NllLossBackward>)